pmproxy_was_running=true
TIME:21:01:13.704836512
exit: 0
TIME:21:01:14.006800088
TIME:21:01:14.035896757
TIME:21:01:14.041446323
Stopping pmproxy ...
Restarting pmproxy ...
TIME:21:01:14.173579748
TIME:21:01:14.264185604
TIME:21:01:14.265023410
