pmproxy_was_running=true
TIME:20:53:36.883290206
exit: 0
TIME:20:53:37.387676999
TIME:20:53:37.414875272
TIME:20:53:37.419440288
Stopping pmproxy ...
Restarting pmproxy ...
TIME:20:53:37.577954473
TIME:20:53:37.645237879
TIME:20:53:37.645946727
