pmproxy_was_running=true
TIME:20:50:37.949365302
exit: 0
TIME:20:50:38.205257011
TIME:20:50:38.233943260
TIME:20:50:38.238868209
Stopping pmproxy ...
Restarting pmproxy ...
TIME:20:50:38.354341792
TIME:20:50:38.434469545
TIME:20:50:38.435187937
