pmproxy_was_running=true
TIME:21:07:45.470267681
exit: 0
TIME:21:07:45.770504267
TIME:21:07:45.800711728
TIME:21:07:45.806558461
Stopping pmproxy ...
Restarting pmproxy ...
TIME:21:07:45.947766911
TIME:21:07:46.040612810
TIME:21:07:46.041439473
