pmproxy_was_running=true
TIME:21:07:44.569593808
exit: 0
TIME:21:07:44.878334511
TIME:21:07:44.906878869
TIME:21:07:44.911964589
Stopping pmproxy ...
Restarting pmproxy ...
TIME:21:07:45.078664259
TIME:21:07:45.153734117
TIME:21:07:45.154427844
