pmproxy_was_running=true
TIME:21:29:22.272864327
exit: 0
TIME:21:29:22.523976583
TIME:21:29:22.553049860
TIME:21:29:22.558326607
Stopping pmproxy ...
Restarting pmproxy ...
TIME:21:29:22.678430719
TIME:21:29:22.755362918
TIME:21:29:22.756117385
