pmproxy_was_running=true
TIME:21:33:43.793272760
exit: 0
TIME:21:33:44.058449905
TIME:21:33:44.087957501
TIME:21:33:44.093326827
Stopping pmproxy ...
Restarting pmproxy ...
TIME:21:33:44.224842437
TIME:21:33:44.313252841
TIME:21:33:44.314111793
