pmproxy_was_running=true
TIME:20:49:28.201242881
exit: 0
TIME:20:49:28.632070000
TIME:20:49:28.668382168
TIME:20:49:28.678465806
Stopping pmproxy ...
Restarting pmproxy ...
TIME:20:49:28.860945426
TIME:20:49:28.972535535
TIME:20:49:28.974244340
