pmproxy_was_running=true
TIME:20:47:34.400273346
exit: 0
TIME:20:47:34.743179321
TIME:20:47:39.752693892
TIME:20:47:39.758251364
Stopping pmproxy ...
Restarting pmproxy ...
TIME:20:47:39.935738582
TIME:20:47:40.031094430
TIME:20:47:40.031886032
