pmproxy_was_running=true
TIME:20:29:35.401458743
exit: 0
TIME:20:29:35.594465845
TIME:20:29:35.621342781
TIME:20:29:35.625215519
Stopping pmproxy ...
Restarting pmproxy ...
TIME:20:29:35.707502854
TIME:20:29:35.764559845
TIME:20:29:35.765137310
