pmproxy_was_running=true
TIME:20:47:50.911387049
exit: 0
TIME:20:47:51.177176156
TIME:20:47:51.205682568
TIME:20:47:51.210871671
Stopping pmproxy ...
Restarting pmproxy ...
TIME:20:47:51.337219571
TIME:20:47:51.422442855
TIME:20:47:51.423229819
