pmproxy_was_running=true
TIME:20:45:57.354544023
exit: 0
TIME:20:45:57.716640749
TIME:20:45:57.746458120
TIME:20:45:57.752856584
Stopping pmproxy ...
Restarting pmproxy ...
TIME:20:45:57.950480327
TIME:20:45:58.045001121
TIME:20:45:58.045515385
