pmproxy_was_running=true
TIME:22:48:06.005991112
exit: 0
TIME:22:48:06.312399771
TIME:22:48:06.340280252
TIME:22:48:06.345106883
Stopping pmproxy ...
Restarting pmproxy ...
TIME:22:48:06.513456934
TIME:22:48:06.581748915
TIME:22:48:06.582547317
