pmproxy_was_running=true
TIME:20:34:58.504695464
exit: 0
TIME:20:34:58.746919066
TIME:20:34:58.774977382
TIME:20:34:58.779860764
Stopping pmproxy ...
Restarting pmproxy ...
TIME:20:34:58.883828812
TIME:20:34:58.967638968
TIME:20:34:58.968414903
