pmproxy_was_running=true
TIME:23:18:05.337864983
exit: 0
TIME:23:18:05.780723382
TIME:23:18:05.817174144
TIME:23:18:05.827165110
Stopping pmproxy ...
Restarting pmproxy ...
TIME:23:18:06.012836230
TIME:23:18:06.129567041
TIME:23:18:06.131230579
