pmproxy_was_running=true
TIME:21:10:16.659109061
exit: 0
TIME:21:10:16.866369115
TIME:21:10:16.893396370
TIME:21:10:16.897443730
Stopping pmproxy ...
Restarting pmproxy ...
TIME:21:10:16.998499192
TIME:21:10:17.064098979
TIME:21:10:17.064660928
