pmproxy_was_running=true
TIME:21:21:53.729212104
exit: 0
TIME:21:21:53.989156444
TIME:21:21:54.018786267
TIME:21:21:54.024304273
Stopping pmproxy ...
Restarting pmproxy ...
TIME:21:21:54.142764329
TIME:21:21:54.232960942
TIME:21:21:54.233871546
