pmproxy_was_running=true
TIME:20:45:59.728871694
exit: 0
TIME:20:46:00.022495382
TIME:20:46:00.054437434
TIME:20:46:00.060314160
Stopping pmproxy ...
Restarting pmproxy ...
TIME:20:46:00.205729923
TIME:20:46:00.298558611
TIME:20:46:00.299541562
