pmproxy_was_running=true
TIME:20:54:35.255545206
exit: 0
TIME:20:54:35.610719516
TIME:20:54:40.620359754
TIME:20:54:40.625973270
Stopping pmproxy ...
Restarting pmproxy ...
TIME:20:54:40.817800444
TIME:20:54:40.916036835
TIME:20:54:40.916805155
