pmproxy_was_running=true
TIME:21:57:34.319824242
exit: 0
TIME:21:57:34.579787881
TIME:21:57:34.608862791
TIME:21:57:34.613932808
Stopping pmproxy ...
Restarting pmproxy ...
TIME:21:57:34.742061643
TIME:21:57:34.825287021
TIME:21:57:34.826073341
