pmproxy_was_running=true
TIME:21:14:05.512851191
exit: 0
TIME:21:14:05.777967291
TIME:21:14:05.808504620
TIME:21:14:05.814075295
Stopping pmproxy ...
Restarting pmproxy ...
TIME:21:14:05.936465694
TIME:21:14:06.016746186
TIME:21:14:06.017518991
