pmproxy_was_running=true
TIME:20:59:13.585548808
exit: 0
TIME:20:59:13.881555421
TIME:20:59:13.910933918
TIME:20:59:13.916525628
Stopping pmproxy ...
Restarting pmproxy ...
TIME:20:59:14.047674343
TIME:20:59:14.142651186
TIME:20:59:14.143502547
