pmproxy_was_running=true
TIME:22:35:26.037061036
exit: 0
TIME:22:35:26.293496204
TIME:22:35:26.322632042
TIME:22:35:26.327774152
Stopping pmproxy ...
Restarting pmproxy ...
TIME:22:35:26.450155715
TIME:22:35:26.530525030
TIME:22:35:26.531298769
