pmproxy_was_running=true
TIME:21:19:43.133090526
exit: 0
TIME:21:19:43.428058559
TIME:21:19:43.458320016
TIME:21:19:43.464205029
Stopping pmproxy ...
Restarting pmproxy ...
TIME:21:19:43.596830297
TIME:21:19:43.698079037
TIME:21:19:43.698917120
