pmproxy_was_running=true
TIME:21:05:44.137279168
exit: 0
TIME:21:05:44.428193512
TIME:21:05:44.455574102
TIME:21:05:44.460074281
Stopping pmproxy ...
Restarting pmproxy ...
TIME:21:05:44.619274085
TIME:21:05:44.685553069
TIME:21:05:44.686279221
