pmproxy_was_running=true
TIME:22:08:54.034656355
exit: 0
TIME:22:08:54.305797812
TIME:22:08:54.334523826
TIME:22:08:54.339739081
Stopping pmproxy ...
Restarting pmproxy ...
TIME:22:08:54.471727627
TIME:22:08:54.556450002
TIME:22:08:54.557229632
