pmproxy_was_running=true
TIME:21:11:35.816850340
exit: 0
TIME:21:11:36.069992872
TIME:21:11:36.099328880
TIME:21:11:36.104897055
Stopping pmproxy ...
Restarting pmproxy ...
TIME:21:11:36.218679824
TIME:21:11:36.302103841
TIME:21:11:36.302893145
