pmproxy_was_running=true
TIME:21:20:08.723308500
exit: 0
TIME:21:20:09.116258264
TIME:21:20:09.147996382
TIME:21:20:09.153961345
Stopping pmproxy ...
Restarting pmproxy ...
TIME:21:20:09.356527434
TIME:21:20:09.460070010
TIME:21:20:09.460809627
