pmproxy_was_running=true
TIME:21:53:01.222659415
exit: 0
TIME:21:53:01.486024599
TIME:21:53:01.515079108
TIME:21:53:01.520219670
Stopping pmproxy ...
Restarting pmproxy ...
TIME:21:53:01.654262370
TIME:21:53:01.735299475
TIME:21:53:01.736088664
