pmproxy_was_running=true
TIME:20:45:20.069847216
exit: 0
TIME:20:45:20.303845277
TIME:20:45:20.331777530
TIME:20:45:20.336564924
Stopping pmproxy ...
Restarting pmproxy ...
TIME:20:45:20.441758752
TIME:20:45:20.514704076
TIME:20:45:20.515435347
