pmproxy_was_running=true
TIME:20:55:33.041961215
exit: 0
TIME:20:55:33.309646636
TIME:20:55:33.338678980
TIME:20:55:33.344042367
Stopping pmproxy ...
Restarting pmproxy ...
TIME:20:55:33.469296564
TIME:20:55:33.555269747
TIME:20:55:33.556039615
