pmproxy_was_running=true
TIME:20:51:50.218362639
exit: 0
TIME:20:51:50.648647735
TIME:20:51:50.686908342
TIME:20:51:50.696844724
Stopping pmproxy ...
Restarting pmproxy ...
TIME:20:51:50.886934963
TIME:20:51:51.004415253
TIME:20:51:51.006297836
