pmproxy_was_running=true
TIME:20:47:01.521892992
exit: 0
TIME:20:47:01.957065981
TIME:20:47:01.992631555
TIME:20:47:02.002541436
Stopping pmproxy ...
Restarting pmproxy ...
TIME:20:47:02.189364110
TIME:20:47:02.298456490
TIME:20:47:02.300145419
