pmproxy_was_running=true
TIME:21:18:41.911414411
exit: 0
TIME:21:18:42.177767859
TIME:21:18:42.206566997
TIME:21:18:42.211796341
Stopping pmproxy ...
Restarting pmproxy ...
TIME:21:18:42.338935225
TIME:21:18:42.417320484
TIME:21:18:42.418040058
