pmproxy_was_running=true
TIME:21:13:25.266284678
exit: 0
TIME:21:13:25.506969976
TIME:21:13:25.535184169
TIME:21:13:25.540153619
Stopping pmproxy ...
Restarting pmproxy ...
TIME:21:13:25.656970110
TIME:21:13:25.731553685
TIME:21:13:25.732432373
