pmproxy_was_running=true
TIME:20:50:11.417172524
exit: 0
TIME:20:50:11.707919314
TIME:20:50:11.737010168
TIME:20:50:11.742400909
Stopping pmproxy ...
Restarting pmproxy ...
TIME:20:50:11.872402004
TIME:20:50:11.958073225
TIME:20:50:11.958852002
