pmproxy_was_running=true
TIME:20:42:51.793595144
exit: 0
TIME:20:42:52.055943280
TIME:20:42:52.084466454
TIME:20:42:52.089690848
Stopping pmproxy ...
Restarting pmproxy ...
TIME:20:42:52.218041681
TIME:20:42:52.301770437
TIME:20:42:52.302557721
