pmproxy_was_running=true
TIME:21:45:57.409635521
exit: 0
TIME:21:45:57.783514787
TIME:21:45:57.812799194
TIME:21:45:57.818898082
Stopping pmproxy ...
Restarting pmproxy ...
TIME:21:45:58.022764177
TIME:21:45:58.116784483
TIME:21:45:58.117872135
