pmproxy_was_running=true
TIME:21:38:33.494511478
exit: 0
TIME:21:38:33.761011619
TIME:21:38:33.790902378
TIME:21:38:33.796168747
Stopping pmproxy ...
Restarting pmproxy ...
TIME:21:38:33.919308156
TIME:21:38:33.999540243
TIME:21:38:34.000351038
