pmproxy_was_running=true
TIME:20:56:49.115036857
exit: 0
TIME:20:56:49.657258851
TIME:20:56:54.667356923
TIME:20:56:54.673808995
Stopping pmproxy ...
Restarting pmproxy ...
TIME:20:56:55.046198923
TIME:20:56:55.154659472
TIME:20:56:55.155667214
