pmproxy_was_running=true
TIME:20:58:33.998756640
exit: 0
TIME:20:58:34.527600661
TIME:20:58:39.536932772
TIME:20:58:39.543485364
Stopping pmproxy ...
Restarting pmproxy ...
TIME:20:58:39.911896207
TIME:20:58:40.017867457
TIME:20:58:40.018883226
