pmproxy_was_running=true
TIME:21:12:54.354057211
exit: 0
TIME:21:12:54.626940083
TIME:21:12:54.656585592
TIME:21:12:54.662009375
Stopping pmproxy ...
Restarting pmproxy ...
TIME:21:12:54.791586231
TIME:21:12:54.877325707
TIME:21:12:54.878171623
