pmproxy_was_running=true
TIME:20:36:23.240004427
exit: 0
TIME:20:36:23.434261785
TIME:20:36:23.461465768
TIME:20:36:23.465403684
Stopping pmproxy ...
Restarting pmproxy ...
TIME:20:36:23.559114376
TIME:20:36:23.631885142
TIME:20:36:23.632437201
