pmproxy_was_running=true
TIME:21:06:53.376991088
exit: 0
TIME:21:06:53.636345334
TIME:21:06:53.665203543
TIME:21:06:53.670661967
Stopping pmproxy ...
Restarting pmproxy ...
TIME:21:06:53.795345979
TIME:21:06:53.879915066
TIME:21:06:53.880713685
