pmproxy_was_running=true
TIME:20:23:03.741507022
exit: 0
TIME:20:23:03.923477209
TIME:20:23:03.950351418
TIME:20:23:03.954206404
Stopping pmproxy ...
Restarting pmproxy ...
TIME:20:23:04.035283663
TIME:20:23:04.094346559
TIME:20:23:04.094939265
