pmproxy_was_running=true
TIME:21:11:53.798769749
exit: 0
TIME:21:11:54.064823939
TIME:21:11:54.094756697
TIME:21:11:54.100230840
Stopping pmproxy ...
Restarting pmproxy ...
TIME:21:11:54.234630782
TIME:21:11:54.326965993
TIME:21:11:54.327761128
