pmproxy_was_running=true
TIME:20:29:33.201518891
exit: 0
TIME:20:29:33.391400201
TIME:20:29:33.418070169
TIME:20:29:33.421918272
Stopping pmproxy ...
Restarting pmproxy ...
TIME:20:29:33.514947793
TIME:20:29:33.570724917
TIME:20:29:33.571230736
