pmproxy_was_running=true
TIME:21:28:18.008821465
exit: 0
TIME:21:28:18.281760926
TIME:21:28:18.310547105
TIME:21:28:18.315632994
Stopping pmproxy ...
Restarting pmproxy ...
TIME:21:28:18.442921874
TIME:21:28:18.526316782
TIME:21:28:18.527096100
