pmproxy_was_running=true
TIME:21:23:21.277644331
exit: 0
TIME:21:23:21.515890650
TIME:21:23:21.544237125
TIME:21:23:21.549126081
Stopping pmproxy ...
Restarting pmproxy ...
TIME:21:23:21.656119631
TIME:21:23:21.729465708
TIME:21:23:21.730243419
