pmproxy_was_running=true
TIME:21:05:20.581774770
exit: 0
TIME:21:05:20.809421882
TIME:21:05:20.836887163
TIME:21:05:20.841440490
Stopping pmproxy ...
Restarting pmproxy ...
TIME:21:05:20.945389243
TIME:21:05:21.024291285
TIME:21:05:21.025038996
