pmproxy_was_running=true
TIME:21:11:37.951950996
exit: 0
TIME:21:11:38.233400014
TIME:21:11:38.263601085
TIME:21:11:38.268928242
Stopping pmproxy ...
Restarting pmproxy ...
TIME:21:11:38.397868197
TIME:21:11:38.479296388
TIME:21:11:38.480088420
