pmproxy_was_running=true
TIME:21:19:02.252543962
exit: 0
TIME:21:19:02.625552819
TIME:21:19:02.656445822
TIME:21:19:02.662407082
Stopping pmproxy ...
Restarting pmproxy ...
TIME:21:19:02.864868234
TIME:21:19:02.945617929
TIME:21:19:02.946472217
