pmproxy_was_running=true
TIME:21:01:43.495633402
exit: 0
TIME:21:01:43.856656362
TIME:21:01:43.886024547
TIME:21:01:43.891314894
Stopping pmproxy ...
Restarting pmproxy ...
TIME:21:01:44.069638589
TIME:21:01:44.162928878
TIME:21:01:44.163594412
