pmproxy_was_running=true
TIME:20:52:13.291106971
exit: 0
TIME:20:52:13.764572105
TIME:20:52:13.803419677
TIME:20:52:13.814696107
Stopping pmproxy ...
Restarting pmproxy ...
TIME:20:52:14.026451186
TIME:20:52:14.154005233
TIME:20:52:14.155706633
