pmproxy_was_running=true
TIME:20:50:36.748414409
exit: 0
TIME:20:50:36.968985886
TIME:20:50:36.996887229
TIME:20:50:37.001568152
Stopping pmproxy ...
Restarting pmproxy ...
TIME:20:50:37.104536570
TIME:20:50:37.174163067
TIME:20:50:37.174912708
