pmproxy_was_running=true
TIME:21:04:55.415847670
exit: 0
TIME:21:04:55.782519635
TIME:21:04:55.811016333
TIME:21:04:55.816811613
Stopping pmproxy ...
Restarting pmproxy ...
TIME:21:04:56.015851417
TIME:21:04:56.094878655
TIME:21:04:56.095762155
