pmproxy_was_running=true
TIME:20:42:58.510543805
exit: 0
TIME:20:42:58.784452839
TIME:20:42:58.813693639
TIME:20:42:58.818958606
Stopping pmproxy ...
Restarting pmproxy ...
TIME:20:42:58.942090080
TIME:20:42:59.034333085
TIME:20:42:59.035199960
