pmproxy_was_running=true
TIME:20:49:59.339856019
exit: 0
TIME:20:49:59.789389469
TIME:20:49:59.828598225
TIME:20:49:59.839239733
Stopping pmproxy ...
Restarting pmproxy ...
TIME:20:50:00.039714443
TIME:20:50:00.182355695
TIME:20:50:00.184335197
