pmproxy_was_running=true
TIME:22:55:48.650073416
exit: 0
TIME:22:55:48.920615399
TIME:22:55:48.950875115
TIME:22:55:48.956200807
Stopping pmproxy ...
Restarting pmproxy ...
TIME:22:55:49.090296616
TIME:22:55:49.171203794
TIME:22:55:49.171943966
