pmproxy_was_running=true
TIME:21:12:25.589712668
exit: 0
TIME:21:12:25.855187254
TIME:21:12:25.883341356
TIME:21:12:25.888282284
Stopping pmproxy ...
Restarting pmproxy ...
TIME:21:12:26.010107346
TIME:21:12:26.088923003
TIME:21:12:26.089676584
