pmproxy_was_running=true
TIME:20:51:56.942404780
exit: 0
TIME:20:51:57.203307791
TIME:20:51:57.232320111
TIME:20:51:57.237540178
Stopping pmproxy ...
Restarting pmproxy ...
TIME:20:51:57.353257382
TIME:20:51:57.435175295
TIME:20:51:57.435960316
