pmproxy_was_running=true
TIME:20:48:20.063045079
exit: 0
TIME:20:48:20.306347082
TIME:20:48:20.335272500
TIME:20:48:20.340229480
Stopping pmproxy ...
Restarting pmproxy ...
TIME:20:48:20.449358467
TIME:20:48:20.525685787
TIME:20:48:20.526433148
