pmproxy_was_running=true
TIME:21:27:50.435920628
exit: 0
TIME:21:27:50.698913057
TIME:21:27:50.728510307
TIME:21:27:50.733661682
Stopping pmproxy ...
Restarting pmproxy ...
TIME:21:27:50.855969213
TIME:21:27:50.935600842
TIME:21:27:50.936350832
