pmproxy_was_running=true
TIME:21:35:48.058269473
exit: 0
TIME:21:35:48.312091789
TIME:21:35:48.338312173
TIME:21:35:48.342162160
Stopping pmproxy ...
Restarting pmproxy ...
TIME:21:35:48.475898840
TIME:21:35:48.537959088
TIME:21:35:48.538520844
