pmproxy_was_running=true
TIME:21:37:33.908547074
exit: 0
TIME:21:37:34.189096613
TIME:21:37:34.218575005
TIME:21:37:34.223991738
Stopping pmproxy ...
Restarting pmproxy ...
TIME:21:37:34.359055326
TIME:21:37:34.440869314
TIME:21:37:34.441650993
