pmproxy_was_running=true
TIME:21:17:24.258260780
exit: 0
TIME:21:17:24.418973996
TIME:21:17:24.445220312
TIME:21:17:24.448531557
Stopping pmproxy ...
Restarting pmproxy ...
TIME:21:17:24.518715699
TIME:21:17:24.566660411
TIME:21:17:24.567196550
