pmproxy_was_running=true
TIME:20:59:14.829050497
exit: 0
TIME:20:59:15.389514768
TIME:20:59:20.398902446
TIME:20:59:20.405354405
Stopping pmproxy ...
Restarting pmproxy ...
TIME:20:59:20.783649037
TIME:20:59:20.885011502
TIME:20:59:20.885989151
