pmproxy_was_running=true
TIME:21:28:15.550883019
exit: 0
TIME:21:28:15.791981993
TIME:21:28:15.820482903
TIME:21:28:15.826584707
Stopping pmproxy ...
Restarting pmproxy ...
TIME:21:28:15.948894985
TIME:21:28:16.022835572
TIME:21:28:16.023589744
