pmproxy_was_running=true
TIME:21:42:01.149363609
exit: 0
TIME:21:42:01.422582640
TIME:21:42:01.451984893
TIME:21:42:01.457347243
Stopping pmproxy ...
Restarting pmproxy ...
TIME:21:42:01.586982197
TIME:21:42:01.682053820
TIME:21:42:01.682791518
