pmproxy_was_running=true
TIME:22:00:10.177122106
exit: 0
TIME:22:00:10.455993669
TIME:22:00:10.485319807
TIME:22:00:10.490692076
Stopping pmproxy ...
Restarting pmproxy ...
TIME:22:00:10.620760270
TIME:22:00:10.705537725
TIME:22:00:10.706305343
