pmproxy_was_running=true
TIME:21:52:22.950747965
exit: 0
TIME:21:52:23.194473665
TIME:21:52:23.223139522
TIME:21:52:23.228171622
Stopping pmproxy ...
Restarting pmproxy ...
TIME:21:52:23.340820465
TIME:21:52:23.420456065
TIME:21:52:23.421236964
