pmproxy_was_running=true
TIME:21:31:36.998358472
exit: 0
TIME:21:31:37.258006297
TIME:21:31:37.289266496
TIME:21:31:37.294434989
Stopping pmproxy ...
Restarting pmproxy ...
TIME:21:31:37.418992654
TIME:21:31:37.503268025
TIME:21:31:37.504038774
