pmproxy_was_running=true
TIME:21:23:46.967801216
exit: 0
TIME:21:23:47.199076345
TIME:21:23:47.228094968
TIME:21:23:47.232856969
Stopping pmproxy ...
Restarting pmproxy ...
TIME:21:23:47.338741627
TIME:21:23:47.413523419
TIME:21:23:47.414282421
