pmproxy_was_running=true
TIME:21:05:54.651510293
exit: 0
TIME:21:05:54.851636207
TIME:21:05:54.879278208
TIME:21:05:54.883245754
Stopping pmproxy ...
Restarting pmproxy ...
TIME:21:05:54.970014128
TIME:21:05:55.042632550
TIME:21:05:55.043291229
