pmproxy_was_running=true
TIME:20:40:37.695128355
exit: 0
TIME:20:40:37.940558965
TIME:20:40:37.968748154
TIME:20:40:37.973629710
Stopping pmproxy ...
Restarting pmproxy ...
TIME:20:40:38.078855129
TIME:20:40:38.162569103
TIME:20:40:38.163325018
