pmproxy_was_running=true
TIME:21:12:24.017902204
exit: 0
TIME:21:12:24.247865252
TIME:21:12:24.276830023
TIME:21:12:24.281616604
Stopping pmproxy ...
Restarting pmproxy ...
TIME:21:12:24.391843576
TIME:21:12:24.479089073
TIME:21:12:24.479819651
