pmproxy_was_running=true
TIME:20:54:06.757113249
exit: 0
TIME:20:54:07.019141770
TIME:20:54:07.048344065
TIME:20:54:07.053715615
Stopping pmproxy ...
Restarting pmproxy ...
TIME:20:54:07.168170361
TIME:20:54:07.249219766
TIME:20:54:07.250081063
