pmproxy_was_running=true
TIME:21:07:17.766512008
exit: 0
TIME:21:07:18.166482738
TIME:21:07:18.196603500
TIME:21:07:18.202906969
Stopping pmproxy ...
Restarting pmproxy ...
TIME:21:07:18.422475090
TIME:21:07:18.512673736
TIME:21:07:18.513888541
