pmproxy_was_running=true
TIME:22:02:14.718520520
exit: 0
TIME:22:02:14.956480096
TIME:22:02:14.984673892
TIME:22:02:14.989649611
Stopping pmproxy ...
Restarting pmproxy ...
TIME:22:02:15.101039939
TIME:22:02:15.176263247
TIME:22:02:15.177019895
