pmproxy_was_running=true
TIME:22:06:51.373773349
exit: 0
TIME:22:06:51.639796149
TIME:22:06:51.669645408
TIME:22:06:51.674735879
Stopping pmproxy ...
Restarting pmproxy ...
TIME:22:06:51.800362621
TIME:22:06:51.881121362
TIME:22:06:51.881849876
