pmproxy_was_running=true
TIME:22:19:31.914941228
exit: 0
TIME:22:19:32.147134680
TIME:22:19:32.175792597
TIME:22:19:32.180655234
Stopping pmproxy ...
Restarting pmproxy ...
TIME:22:19:32.284141865
TIME:22:19:32.356978283
TIME:22:19:32.357742388
