pmproxy_was_running=true
TIME:20:54:16.376357860
exit: 0
TIME:20:54:16.657650579
TIME:20:54:16.687183182
TIME:20:54:16.692240010
Stopping pmproxy ...
Restarting pmproxy ...
TIME:20:54:16.816706531
TIME:20:54:16.894246445
TIME:20:54:16.894985195
