pmproxy_was_running=true
TIME:22:04:36.544392994
exit: 0
TIME:22:04:36.801096442
TIME:22:04:36.829824655
TIME:22:04:36.835085417
Stopping pmproxy ...
Restarting pmproxy ...
TIME:22:04:36.952048852
TIME:22:04:37.038963926
TIME:22:04:37.039829488
