pmproxy_was_running=true
TIME:21:40:58.189682244
exit: 0
TIME:21:40:58.360607422
TIME:21:40:58.387718569
TIME:21:40:58.391380517
Stopping pmproxy ...
Restarting pmproxy ...
TIME:21:40:58.477929471
TIME:21:40:58.531729270
TIME:21:40:58.532321901
