pmproxy_was_running=true
TIME:20:42:15.750569338
exit: 0
TIME:20:42:15.986505860
TIME:20:42:16.015215390
TIME:20:42:16.020060575
Stopping pmproxy ...
Restarting pmproxy ...
TIME:20:42:16.129996457
TIME:20:42:16.205688811
TIME:20:42:16.206458904
