pmproxy_was_running=true
TIME:21:06:41.058978250
exit: 0
TIME:21:06:41.248973403
TIME:21:06:41.276829330
TIME:21:06:41.281239297
Stopping pmproxy ...
Restarting pmproxy ...
TIME:21:06:41.367177493
TIME:21:06:41.428686524
TIME:21:06:41.429356685
