pmproxy_was_running=true
TIME:21:09:25.815001612
exit: 0
TIME:21:09:26.070012883
TIME:21:09:26.098698657
TIME:21:09:26.103600439
Stopping pmproxy ...
Restarting pmproxy ...
TIME:21:09:26.222994076
TIME:21:09:26.309744578
TIME:21:09:26.310466522
