pmproxy_was_running=true
TIME:20:56:10.027781230
exit: 0
TIME:20:56:10.573969626
TIME:20:56:15.583709844
TIME:20:56:15.590073567
Stopping pmproxy ...
Restarting pmproxy ...
TIME:20:56:15.962291861
TIME:20:56:16.063588540
TIME:20:56:16.064512585
