pmproxy_was_running=true
TIME:21:00:04.951797455
exit: 0
TIME:21:00:05.504689668
TIME:21:00:10.514586018
TIME:21:00:10.521451109
Stopping pmproxy ...
Restarting pmproxy ...
TIME:21:00:10.893299790
TIME:21:00:11.003769824
TIME:21:00:11.004750045
