pmproxy_was_running=true
TIME:21:17:12.945993721
exit: 0
TIME:21:17:13.141781142
TIME:21:17:13.169467970
TIME:21:17:13.172989690
Stopping pmproxy ...
Restarting pmproxy ...
TIME:21:17:13.265681757
TIME:21:17:13.328592674
TIME:21:17:13.329099171
