pmproxy_was_running=true
TIME:21:23:09.120705747
exit: 0
TIME:21:23:09.357154565
TIME:21:23:09.385158987
TIME:21:23:09.389980819
Stopping pmproxy ...
Restarting pmproxy ...
TIME:21:23:09.504799682
TIME:21:23:09.585344305
TIME:21:23:09.586078351
