pmproxy_was_running=true
TIME:21:15:47.126361952
exit: 0
TIME:21:15:47.390375713
TIME:21:15:47.419815136
TIME:21:15:47.424969766
Stopping pmproxy ...
Restarting pmproxy ...
TIME:21:15:47.550042702
TIME:21:15:47.640411329
TIME:21:15:47.641219416
