pmproxy_was_running=true
TIME:21:52:08.449596708
exit: 0
TIME:21:52:08.661962303
TIME:21:52:08.689331376
TIME:21:52:08.693290775
Stopping pmproxy ...
Restarting pmproxy ...
TIME:21:52:08.793289163
TIME:21:52:08.855419189
TIME:21:52:08.855949031
