pmproxy_was_running=true
TIME:21:47:29.923926302
exit: 0
TIME:21:47:30.121977282
TIME:21:47:30.149272870
TIME:21:47:30.153424138
Stopping pmproxy ...
Restarting pmproxy ...
TIME:21:47:30.248198067
TIME:21:47:30.310326432
TIME:21:47:30.310924176
