pmproxy_was_running=true
TIME:21:10:15.410877560
exit: 0
TIME:21:10:15.675082498
TIME:21:10:15.704532970
TIME:21:10:15.709719400
Stopping pmproxy ...
Restarting pmproxy ...
TIME:21:10:15.832628015
TIME:21:10:15.910616921
TIME:21:10:15.911345478
